#Origin_ID <-> node_ID
1 101
2 105
3 107
4 110
5 111
6 113
7 115
8 119
9 122
10 123
11 126
12 127
13 128
14 129
15 131
16 132
17 133
18 135
19 137
20 140
21 143
22 150
23 151
24 153
25 155
26 157
27 158
28 159
29 161
30 163
31 165
32 170
33 172
#Dest_ID <-> node_ID
1 102
2 103
3 104
4 106
5 108
6 109
7 112
8 114
9 116
10 117
11 118
12 120
13 121
14 124
15 125
16 130
17 134
18 136
19 138
20 139
21 141
22 142
23 144
24 145
25 146
26 147
27 148
28 149
29 152
30 154
31 156
32 160
33 162
34 164
35 166
36 167
37 168
38 169
39 171
40 173
41 174
