4 3 2
0.007200 6.400000 0.720721
0.037584 32.000000 3.383223
0.069143 32.000000 2.832373
0.092530 32.000000 3.003239
0.102509 32.000000 5.338251
0.106786 32.000000 4.786803
0.108608 32.000000 4.957854
0.109407 32.000000 7.295401
0.109739 32.000000 6.743355
0.109883 32.000000 6.914592
0.109933 32.000000 9.254677
0.109962 32.000000 8.702031
0.109976 32.000000 8.873454
0.109976 32.000000 11.216083
0.109983 32.000000 10.662836
0.109983 32.000000 10.109758
0.109983 32.000000 9.556850
0.109983 32.000000 9.004111
0.109983 32.000000 8.451542
0.109983 32.000000 7.899141
0.109983 32.000000 7.346910
0.109983 32.000000 6.794848
0.109983 32.000000 6.242954
0.109983 32.000000 5.691230
0.109983 32.000000 5.139674
0.109983 32.000000 4.588287
0.109983 32.000000 4.037069
0.109983 32.000000 3.486019
0.109983 32.000000 2.935138
0.109983 32.000000 2.384425
0.109983 32.000000 1.833880
0.109983 32.000000 1.283504
0.109983 32.000000 0.733296
0.109983 32.000000 0.197800
0.076358 32.000000 0.036000
0.038045 32.000000 0.036000
0.036000 32.000000 0.036000
0.036000 32.000000 0.036000
0.036000 32.000000 0.036000
0.036000 32.000000 0.036000
0.036000 32.000000 0.036000
0.036000 32.000000 0.036000
0.036000 32.000000 0.036000
0.036000 32.000000 0.036000
0.036000 32.000000 0.036000
0.036000 32.000000 0.036000
0.036000 32.000000 0.036000
0.036000 32.000000 0.036000
0.036000 32.000000 0.036000
0.036000 32.000000 0.036000
0.036000 32.000000 0.036000
0.036000 32.000000 0.036000
0.036000 32.000000 0.036000
0.036000 32.000000 0.036000
0.036000 32.000000 0.036000
0.036000 32.000000 0.036000
0.036000 32.000000 0.036000
0.036000 32.000000 0.036000
0.036000 32.000000 0.036000
0.036000 32.000000 0.036000
0.036000 32.000000 0.036000
0.036000 32.000000 0.036000
0.036000 32.000000 0.036000
0.036000 32.000000 0.036000
0.036000 32.000000 0.036000
0.036000 32.000000 0.036000
0.036000 32.000000 0.036000
0.036000 32.000000 0.036000
0.036000 32.000000 0.036000
0.036000 32.000000 0.036000
0.036000 32.000000 0.036000
0.036000 32.000000 0.036000
0.036000 32.000000 0.036000
0.036000 32.000000 0.036000
0.036000 32.000000 0.036000
0.036000 32.000000 0.036000
0.036000 32.000000 0.036000
0.036000 32.000000 0.036000
0.036000 32.000000 0.036000
0.036000 32.000000 0.036000
0.036000 32.000000 0.036000
0.036000 32.000000 0.036000
0.036000 32.000000 0.036000
0.036000 32.000000 0.036000
0.036000 32.000000 0.036000
0.036000 32.000000 0.036000
0.036000 32.000000 0.036000
0.036000 32.000000 0.036000
0.036000 32.000000 0.036000
0.036000 32.000000 0.036000
0.036000 32.000000 0.036000
0.036000 32.000000 0.036000
0.036000 32.000000 0.036000
0.036000 32.000000 0.036000
0.036000 32.000000 0.036000
0.036000 32.000000 0.036000
0.036000 32.000000 0.036000
0.036000 32.000000 0.036000
0.036000 32.000000 0.036000
0.036000 32.000000 0.036000
0.036000 32.000000 0.036000
0.036000 32.000000 0.036000
0.036000 32.000000 0.036000
0.036000 32.000000 0.036000
0.036000 32.000000 0.036000
0.036000 32.000000 0.036000
0.036000 32.000000 0.036000
0.036000 32.000000 0.036000
0.036000 32.000000 0.036000
0.036000 32.000000 0.036000
0.036000 32.000000 0.036000
0.036000 32.000000 0.036000
0.036000 32.000000 0.036000
0.036000 32.000000 0.036000
0.036000 32.000000 0.036000
0.036000 32.000000 0.036000
0.036000 32.000000 0.036000
0.036000 32.000000 0.036000
0.036000 32.000000 0.036000
0.036000 32.000000 0.036000
0.036000 32.000000 0.036000
0.036000 32.000000 0.036000
0.036000 32.000000 0.036000
0.036000 32.000000 0.036000
0.036000 32.000000 0.036000
0.036000 32.000000 0.036000
0.036000 32.000000 0.036000
0.036000 32.000000 0.036000
0.036000 32.000000 0.036000
0.036000 32.000000 0.036000
0.036000 32.000000 0.036000
0.036000 32.000000 0.036000
0.036000 32.000000 0.036000
0.036000 32.000000 0.036000
0.036000 32.000000 0.036000
0.036000 32.000000 0.036000
0.036000 32.000000 0.036000
0.036000 32.000000 0.036000
0.036000 32.000000 0.036000
0.036000 32.000000 0.036000
0.036000 32.000000 0.036000
0.036000 32.000000 0.036000
0.036000 32.000000 0.036000
0.036000 32.000000 0.036000
0.036000 32.000000 0.036000
0.036000 32.000000 0.036000
0.036000 32.000000 0.036000
0.036000 32.000000 0.036000
0.036000 32.000000 0.036000
0.036000 32.000000 0.036000
0.036000 32.000000 0.036000
0.036000 32.000000 0.036000
0.036000 32.000000 0.036000
0.036000 32.000000 0.036000
0.036000 32.000000 0.036000
0.036000 32.000000 0.036000
0.036000 32.000000 0.036000
0.036000 32.000000 0.036000
0.036000 32.000000 0.036000
0.036000 32.000000 0.036000
0.036000 32.000000 0.036000
0.036000 32.000000 0.036000
0.036000 32.000000 0.036000
0.036000 32.000000 0.036000
0.036000 32.000000 0.036000
0.036000 32.000000 0.036000
0.036000 32.000000 0.036000
0.036000 32.000000 0.036000
0.036000 32.000000 0.036000
0.036000 32.000000 0.036000
0.036000 32.000000 0.036000
0.036000 32.000000 0.036000
0.036000 32.000000 0.036000
0.036000 32.000000 0.036000
0.036000 32.000000 0.036000
0.036000 32.000000 0.036000
0.036000 32.000000 0.036000
0.036000 32.000000 0.036000
0.036000 32.000000 0.036000
0.036000 32.000000 0.036000
0.036000 32.000000 0.036000
0.036000 32.000000 0.036000
0.036000 32.000000 0.036000
0.036000 32.000000 0.036000
0.036000 32.000000 0.036000
0.036000 32.000000 0.036000
0.036000 32.000000 0.036000
0.036000 32.000000 0.036000
0.036000 32.000000 0.036000
0.036000 32.000000 0.036000
0.036000 32.000000 0.036000
0.036000 32.000000 0.036000
0.036000 32.000000 0.036000
0.036000 32.000000 0.036000
0.036000 32.000000 0.036000
0.036000 32.000000 0.036000
0.036000 32.000000 0.036000
0.036000 32.000000 0.036000
0.036000 32.000000 0.036000
0.036000 32.000000 0.036000
